0005295500
0002657738
0007924694
0003858209
0006708519
0006545135
0003719160
0009463369
0009510853
0007730920
0001139456
0005395613
0008842513
0002411987
0005391788
0008025812
0009504773
0008006128
0009688858
0008998995
0008695714
0006622328
0003995211
0010217311
0005205159
0008466738
0005816588
0007118440
0007331266
0007507377
0005078388
0010641375
0004970926
0007557365
0007043071
0003610681
0006826311
0009452470
0007723843
0005110556
0006258011
0000186501
0009433219
0009387826
0009031683
0004688222
0003745144
0008187821
0003931376
0009682577
0007390751
0007963761
0002139521
0007630141
0008682137
0005950367
0009381690
0004608096
0005013639
0009587538
0003498206
0009744766
0007494261
0009102000
0005547170
0002327027
0000826440
0005810039
0006971585
0008799632
0006910865
0007211102
0007459040
0003546340
0009754782
0007593504
0008256072
0008627407
0005382310
0008171832
0007793108
0004040068
0005443002
0009494201
0001782369
0005615246
0005202936
0008335071
0007553627
0002850316
0008664140
0009446728
0009458300
0007503774
0008477557
0003056391
0006641250
0000586228
0001841097
0008365627
0008190430
0009263963
0007219830
0005364586
0010555686
0007543353
0008026710
0006947967
0004963108
0010160667
0004219660
0009333149
0010318783
0007152022
0007487124
0009754812
0006420640
0010636888
0009485545
0010268808
0004707721
0009677910
0007552145
0006794935
0003986944
0003777512
0003394798
0010215587
0009558534
0007751222
0005202790
0008668831
0007498924
0009415725
0006041987
0008958761
0009120956
0008311372
0007271694
0010324077
0004681398
0008736173
0007476825
0004677776
0004874257
0009846031
0002486030
0002241111
0002726731
0008164948
0000753315
0009777363
0008805578
0009831619
0009849046
0009787101
0010528286
0009531561
0008677266
0010230299
0007061609
0009357392
0010446864
0002937141
0007452691
0007616614
0009164301
0005024705
0004639658
0009826421
0005778009
0007220936
0008274704
0004582887
0006933959
0005054513
0006536357
1795280
0007013567
0003091695
0009463806
0007088159
1726779
0003518615
0007320039
0003490427
0005270783
0008413743
0005203337
0004467074
0009569608
0010632957
0006305157
0003100569
0001658783
0005174462
0010620480
0008782352
0004758899
0010102116
0004871050
0009244311
0010550331
0008697639
0009378378
0008398752
0002637762
0010607178
0006038044
0008473480
0007997255
0008068718
0003268994
0009842485
0010211851
0009702543
0008085791
0008701321
0001311337
0006616900
0002226318
0008180276
0008473831
0009655495
0002121829
0004809267
0002848558
0008786333
0009104503
0009761569
0004262077
0007234779
0009462308
0008590783
0010619366
0009445876
0008108773
0009527946
0009321313
0001466997
0009224206
0009590484
0005575440
0008367738
0007530505
0010231917
0004853225
0010271172
0008481316
0009221762
0008085273
0003346326
0009945447
0004779012
0005026507
0007731832
0005164192
0009484090
0002035104
0010354198
0008480799
0010539791
0010202734
0007557366
0008086252
0009483569
0003879536
0002000458
0009873028
0010033305
0008649107
0007541289
0005123791
0003794128
0005642582
0007610987
0004021760
0010141755
0008615986
0008879574
0008258130
0000158837
0006826833
0010418310
0010532591
0007507187
0005590858
0007669857
0002292099
0010199149
0010638715
0001790793
0001874331
0003805159
0005005175
0001593537
0010375503
0007070239
0004127608
0005175848
0005192304
0007695585
0010189741
0008781291
0008428152
0004863877
0008940059
0001234163
0009728129
0008795201
0002014008
0010568375
0009320831
0009554609
0006572374
0009487671
0004491146
0001032343
0010790358
0009740143
0010379878
0010054043
0010792941
0005587293
0007588375
0000217521
0003850375
0010228698
0008768169
0008471106
0003966285
0003379233
0005185738
0008326576
0008149307
0009826756
0005481894
0009863756
0008051852
0005755505
0010212299
0010202119
0006258928
0008284737
0003436696
0006524206
0005753263
0003079116
0003775084
0008126991
0009730513
0001913349
0006363029
0009384607
0009368990
0004821425
0010445997
0007605077
0009095170
0007736020
0004679350
0009813211
0008129961
0009408830
0007701915
0005340397
0010590662
0009828669
0006519942
0003310896
0001603671
0010177261
0006941008
0001885940
0009415176
0008782041
0009365845
0006489668
0010388930
0010050739
0008804062
0010217670
0009906162
0010423032
0008189881
0008545575
0002778495
0009490205
0006494640
0007754057
0009638525
0007916968
0005491821
0010381868
0005455570
0010705830
0010051091
0004468284
0008160879
0007412941
0005239383
0004329895
0008839037
0004052870
0009490731
0007382424
0009796463
0007354204
0008868018
0001300215
0005116789
0008051624
0007748843
0009485978
0008556918
0003222057
0004533942
0008469161
0005138992
0008788530
0009480965
0010644276
0009475155
0005075950
0010651139
0010079205
0008934735
0008128607
0005715167
0008945498
0004191886
0007491681
0008010673
0003322890
0010084502
0009370864
0010491148
0007810652
0010179509
0008174054
0009611115
0006272448
0005876710
0007316356
0007863692
0009096309
0005538919
0008585527
0010168907
0008671994
0006995629
0000084326
0003056335
0010062115
0010634467
0009253155
0010204260
0002889592
0007612885
0008115018
0009367660
0007825953
0005110019
0009216772
0009706814
0004751692
0010590452
0010285077
0008788140
0009262779
0004170561
0002133039
0010559899
0009677314
0008760689
0004871861
0002525912
0009642588
0008871849
0010035508
0006591103
0007745062
0009904167
0010735441
0003603750
0010119477
0004056567
0003666521
0008780574
0007790716
0010313376
0003953690
0008841796
0010256984
0010245979
0010347155
0008867027
0005280666
0010788349
0009349453
0004058442
0002204791
0010735622
0007774280
0004261990
0010710945
0006845264
0010192602
0010106638
0002254097
0004042932
0009370367
0009161223
0009583690
0002265209
0010344912
0009178245
0009797685
0010419042
0010444451
0010308359
0009543365
0009113797
0010156163
0010588827
0007468449
0010421439
0010268464
0007745289
0004372599
0006040495
0008607472
0007595676
0009266656
0003112414
0010625965
0005198758
0010216816
0003271024
0008279698
0006534245
0006825895
0007034097
0010680960
0005727519
0007796853
0008954771
0001952588
0007247397
0007148936
0009603228
0010399978
0000587312
0007487284
0009612612
0007838666
0007692659
0008712192
0001433005
0009892472
0010724244
0005097822
0008736927
0008606394
0007829559
0007427315
0007825039
0007490473
0005148899
0009960107
0010024860
0010636028
0006600871
0009598353
0009595590
0008946867
0005195670
0007701626
0009727639
0007226608
0009152801
0005378425
0007135467
0008955871
0004209607
0009338276
0001898845
0005177818
0009190378
0009814461
0004342866
0001816681
0006682113
0009887775
0006977326
0008479717
0007144192
0009623600
0007018254
0010733048
0008395830
0008782232
0008573612
0004861930
0004824228
0009361293
0010298604
0007248406
0001591075
0010125911
0006811542
0008655972
0008071783
0008764553
0004791907
0007541344
0007263274
0008195093
0005031360
0009485626
0003624540
0005014293
0009934788
0007970781
0002172555
0007468530
0001480397
0010678813
E1616892
0009844404
0007373814
0007420197
0010086715
0008235513
0009801152
0008531310
0010323289
0003357742
0009471500
0010215987
0003862031
0004567675
0010852148
0006652083
0007135517
0009064085
0008990234
0009860806
0006944955
0001940373
0009151072
0001282971
0006468605
0010814115
0010443213
0009911586
0010390647
0005124424
0010314295
0010522530
0005579173
0007456629
0004005891
0006861712
0006927043
0004857724
0004190347
0006817641
0008685417
0006757420
0009618122
0009421551
0004443261
0008940182
0002358827
0001950097
0010432229
0006669010
0004174892
0005649951
0000004868
0008121159
0008780547
0010097707
0010191645
0008341831
0003288473
0006989492
0009463416
0007573998
0009452654
0010631694
0010093314
0010604765
0004719051
0000484282
0009803083
0010369827
0003856789
0010303077
0010728098
0007511212
0010414075
0009839899
0006961641
0007654126
0009881501
0002374173
0003980652
0003572500
0008555854
0006823109
0010494741
0010150093
0003357067
0007554709
0003335283
0007317054
0009716040
0009002157
0009420553
0009468214
0007604250
0003100548
0004559710
0009464754
0006919291
0006982575
0009940189
0001527979
0007376138
0008857732
0004541744
0010003525
0002652982
0010665267
0009424156
0010673130
0003715596
0009681197
0008121306
0010716741
0007741813
0002592928
0009500514
0006844966
0004399170
0010077383
0010133046
0008399787
0004551957
0001891586
0009765418
0010546489
0004985908
0009887204
0008943967
0010594694
0010463506
0006689948
0001367042
0010652970
0008800430
0006679258
0008994329
0010712556
0009177441
0010467265
0009069332
0009974510
0010666714
0009982846
0008568199
0008948127
0009447848
0009822097
0010263120
0010596309
0007316518
0004834026
0004754747
0010647650
0009606954
0007714904
0004928843
0004037380
0009761495
0008807418
0007802823
0006547536
0007667710
0004932059
0008757092
0004171414
0000592514
0004524811
0005127525
0010479043
0009171596
0003677128
0010536203
0009553737
0003944360
0007915765
0003771865
0009591092
0010180418
0004420490
0008939994
0006089360
0009628021
0008656966
0003563217
0010213150
0007757646
0009650880
0004750213
0008913846
0008108470
0010151670
0008815972
0007811144
0007863162
E1747801
0006751635
0009980420
0001919179
0010017188
0006801928
0006961708
0009881290
0002620018
0006877460
0008950080
0009906143
0006935900
0010441735
0002684481
0008030207
0010471642
0006919922
0009728700
0008385124
0009056367
0003467637
0009928738
0010571210
0006884467
0010673259
0001275070
0008884257
0007733238
0009802709
0010542336
0009949675
0008781458
0010644616
0009379904
0002447594
0003583656
0007607298
0010370309
0010282140
0007708751
0001601401
0007186097
0007934182
0009980742
0007201000
0007995157
0010334363
0008339419
0003940757
0010501974
0010264506
0007154972
0010621997
0009035000
0007399494
0009800181
0008518134
0005403263
0010520075
0008672851
0005522195
0010301589
0003197242
0009156279
0003169209
0004285859
0010403262
1722603
0004828253
0009103285
0008686363
0009634845
0005049016
0003015070
0008339432
0008776445
0010206993
0009040844
0010792696
0007766757
0009371229
0009795098
0010208276
0009795312
0010715426
0010025545
0005593663
0010380330
0003762608
0010168676
0009921755
0010178580
0009854526
0006088958
0010205809
0009577327
0005973948
0004599036
0010141594
0009817760
0007972238
0010097637
0008860785
0004816659
0008781639
0004526513
0010069818
0009524978
0007498639
0010673448
0009231783
0010152511
0009808095
0008488105
0007810553
0007800345
0008892435
0009626119
0009340159
0003591293
0007812108
0010248864
0006540557
0010362735
0008019629
0004769293
0008915087
0007546960
0007997866
0010677730
0005083152
0009480814
0008980699
0002173650
0008919924
0004549224
0002841341
0006089978
0006925335
0008082289
0004645137
0010089772
0009546278
0009667616
0010715601
0008733616
0010090341
0009598342
0008577195
0010021974
0009863765
0010685406
0002834640
0008695762
0008485518
0003768644
0008810751
0010627929
0004778042
0010397034
0010185910
0008626602
0006547440
0005701580
0004358315
0003784650
0004624536
0009508540
0004848702
0010026329
0005987019
0010069819
0008654155
0006688392
0010708629
0009400002
0010531437
0009261259
0003464478
1799880
0010861693
0006394100
0003533356
0009481544
0009555395
0003274355
0010438645
0008795274
0010403135
0010447136
0008600257
0007735600
0010132190
0009392402
0010627989
0010615983
0002057027
0010548700
0006624663
0007687292
0006462236
0005764384
0010490447
0007628889
0010228639
0008321139
0002125073
0002438640
0007144272
0007925208
0003651268
0006217976
0002648210
0010102931
0008339011
0002883204
0008273427
0009941814
0008906129
0010086086
0008859617
0010099480
0001311983
0009994503
0008014302
0009528086
0002215542
0008128293
0009066776
0009397258
0010831731
0004474910
0001696198
0009554326
0004365992
0009622425
0005258342
0007745181
0010295309
0009951050
0008704546
0010263447
0005061851
0002940156
0006689528
0009003228
0010583752
0007370922
0008822784
0008943269
0004354091
0010766433
0008360475
0006161632
0010634555
0007185287
0005737718
0008318120
0008191073
0006812187
0010383395
0010586638
0007210269
0007404361
0009490779
0005418310
0007614353
0010156938
0007989691
0005332443
0006585267
0009770645
0005584551
0008347038
0010327516
0004106588
0009664626
0006687291
0008803451
0010158063
0003032076
0010626542
0006665774
0009781558
0009225928
0002555310
0009947383
0009860757
0005986721
0009300821
0005014616
0007539805
0008765992
0007053902
0010431476
0009261856
0009268102
0007296448
0010168982
0009023966
0010782379
0006017589
0003737773
0008789485
0009404273
0009831040
0008361716
0004341566
0008806055
0008395018
0009061667
0004286114
0009934982
0010532860
0009668827
0006941116
0009104691
0010526797
0010612297
0008954194
0010807410
0006951404
0010522329
0000550999
0005094298
0006910484
0007953502
0007186552
0009301268
0010784183
0008929308
0009938954
0003310709
0008287996
0009995706
0003270360
0009246574
0004526413
0005695070
0010255040
0010576281
0007735302
0009894684
0009121001
0010783981
0002134933
0009029351
0009242078
0010809618
0007030170
0010240218
0006819274
0010764635
0007239072
0004862799
0001344292
0007756079
0010765369
0009646275
0006983650
0010166300
0003365655
0009551168
0007926697
0009565298
0003056049
0009306586
0005062568
0008293838
0007090059
0009264739
0008990423
0010526370
0006757916
0009546337
0009501485
0006373112
0009835427
0009443041
0003528425
0009620198
0008793100
0007760570
0008588218
0004145303
0004837824
0008241396
0009128527
0008421870
0008745875
0003469704
0009549124
0008030209
0006830173
0008997666
0009158026
0003795347
0004957342
0008201810
0010294527
0003798210
0007297405
0007238200
0007548846
0008125715
0005235288
0003352620
0007417933
0002284335
0008854001
0006042507
0009983724
0005763989
0006936643
0000082367
0005515278
0003440214
0008700212
0009432249
0002116151
0009312754
0008776182
0007900913
0003335022
0008595352
0009806548
0007910048
0004804274
0007361575
0006808499
0010796227
0009420739
0006799778
0006793057
0008645002
0010479485
0009431055
0007819909
0008469006
0010155876
0009686491
0005868920
0006253902
0003406821
0006332213
0004442845
0004524728
0010667641
0008363279
0003363254
0007769415
0009807219
0010588078
0010406806
0008482116
0007648140
0006681623
0010629554
0010852247
0008878876
0007462598
0010855881
0007433456
0007606963
0010816187
0010311258
0004559597
0010414418
0010813055
0010824619
0010886808
0010865591
0010040968
0010507755
0010488250
0010892455
0000012036
0007817708
0010444782
0007139643
0003255161
0009835183
0010765203
0010232887
0005650193
0010783572
0001433902
0010609125
0009741629
0009290211
0004513932
0008298534
0001112151
0009478725
0009883655
0010791363
0010193660
0007632155
0008640260
0006961685
0006682611
0010801930
0004894308
0006349055
0010850410
0000661388
0004494531
0010876891
0010577291
0007835696
0009487679
0008615740
0009732737
0006369918
0009533502
0004482366
0005321535
0008655263
0010483152
0007655328
0002507849
0010231958
0008780770
0004908116
0003892754
0008260516
0004944045
0010717138
0010111709
0009291677
0008819087
0007684461
0010009029
0004580158
0006578836
0010828893
0010788345
0006579729
0009255027
0007416519
0004466772
0003053310
0006872255
0006144547
0003594498
0009814213
0008438464
0010538351
0005489071
0010083336
0009844770
0008412964
0009634006
0009467937
0005118586
0007576611
0009121443
0007934001
0005521145
0010630044
0010405484
0010121601
0010138299
0003900127
0008792165
0009402261
0006290163
0008043227
0004346664
0004619050
0010292293
0006970669
0005033045
0008697817
0010297279
0010494313
0009024292
0005907788
0008956965
0010913134
0008016667
0003636506
0006179501
0008161539
0008691828
0006835366
0008794110
0010527152
0010280816
0006768484
0004835318
0010180129
0002075202
0007104860
0007348755
0007445603
0010821694
0008052569
0007437952
0006604699
0008117780
0005615526
0004804676
0004750105
0008872128
0008235248
0009227149
0006909664
0010794195
0008389694
0010381598
0005705525
0006841980
0009240499
0003768718
0010011927
0005717099
0007516801
0007391564
0009563646
0005394053
0007869908
0007505408
0009914961
0008787044
0008612162
0008672812
0005834383
0006025614
0005307063
0010679643
0000570917
0009477608
0008519951
0010656963
0009459351
0009433613
0006942188
0004784534
0010071398
0007990038
0004714848
0008044715
0006789813
0005899460
0009183871
0009138882
0008881534
0009737589
0007452432
0010220345
0010492632
0005742681
0006327817
0006255514
0008395664
0004433275
0004364768
0001518037
0005266987
0008924813
0008921390
0010266180
0003697520
0009870225
0009344548
0007006939
0009663805
0003855551
0008969638
0008662947
0005429674
0006515678
0007011210
0006485424
0001693758
0007303892
0010479385
0010776156
0010535319
0009260957
0008745146
0010487015
0009083002
0010561570
0010445465
0010544767
0010856424
0002962623
0004027372
0008612282
0008825246
0009872925
0010690394
0009553787
0008493996
0010914541
0008143812
0008569214
0004171622
0004842999
0003910044
0003470158
0004794983
0005070606
0008776804
0010388485
0004243974
0004378821
0007292894
0010802548
0009378870
0005509672
0008457337
0010562183
0007026131
0006508720
0010089024
0007610083
0007109474
0003444953
0005516297
0007538544
0008886728
0010363975
0009647462
0006467409
0007411484
0004859704
0008356814
0009847576
0007591882
0005359983
0006825298
0010890026
0008215182
0010865824
0010873929
0005445320
0010899715
0007112832
0008892787
0008087452
0008596566
0003910668
0010130912
0005082816
0010832971
0010482860
0010837112
0008865467
0003737716
0005504394
0007384168
0009920434
0009388791
0006792690
0006964830
0006519879
0009409629
0006254751
0006530335
0009013616
0005107077
0010483850
0006731281
0007556592
0007449250
0005946616
0006425464
0009926846
0007411476
0006549036
0006988842
0005094928
0009881664
0010114014
0007721637
0010756139
0008792965
0007472089
0010793757
0005555685
0008867622
E1659391
0006327034
0005907295
0007561154
0010799163
0010779650
0006503242
0002370787
0005706324
0004981410
0010719075
0010149874
0010722767
0010777722
0004512767
0010427329
0010609157
0010717517
0000843975
0010869499
0010873468
0010887193
0008783219
0001873437
0009532447
0007382077
0008715367
0004545789
0010237216
0010577992
0008527646
0008783728
0007749484
0007736926
0007701214
0007695045
0009518980
0007970025
0008071983
0008291471
0005880207
0008328755
0008324567
0010466426
0009549437
0008355853
0007783733
0003003068
0007107013
0004514446
0007926574
0004003937
0009384884
0010594419
0006637045
0004641791
0004643083
0004717368
0005982741
0008854026
0000548291
0002243377
0005340391
0010072267
0007973925
0005896643
0006529124
0009020218
0009722692
0007044795
0007716404
0009138907
0007244985
0007234554
0006796802
0009706318
0000195843
0010084400
0010248699
0007795745
0005982456
0007766270
0007795297
0007454579
0007512483
0004176429
0009099102
0006423011
0008317292
0010184918
0010786315
0005803197
0010920285
0001807907
0004654768
0004674639
0006148303
0009033224
0008782216
0007878878
0007968373
0008244602
0008259053
0009081893
0008317424
0010196967
0010193285
0007417426
0007753905
0008759151
0006163180
0009271049
0005216612
0005283539
0005337852
0005422150
0009816197
0005632786
0008670670
0008600176
0009171070
0006437917
0006239750
0005478297
0010704283
0010604294
0009353179
0006512265
0010556455
0010534136
0010478936
0006595659
0010450717
0009871054
0009845876
0007623133
0006669082
0009924857
0001716493
0009904904
0005340168
0008612694
0006260370
0005566195
0005736620
0006578253
0010445165
0006396104
0006420109
0010674035
0010804639
0010310589
0009124769
0010769165
0000798625
0008285865
0006019289
0006126467
0010807945
0003890139
0000781691
0010052580
0006270828
0007382681
0008093350
0010585482
0010578931
0006776742
0002262792
0005311742
0003505976
0004165589
0002760198
0010551575
0004195504
0010819915
0010905284
0010896511
0010896267
0007903800
0010886176
0010487131
0004542647
0003912191
0004457219
0010847261
0010821633
0008784075
0005087529
0009950367
0010489280
0010456141
0010634556
0010704193
E1722542
0010297070
0010439549
0010614731
0010712677
0010877181
0010492570
0007719335
0007467972
0010772164
0009281641
0006855753
0007050849
0006489743
0003892355
0006798365
0004770649
0004712976
0006486997
0009381270
0007978563
0008642211
0007560513
0006798942
0009660799
0004212622
0006227912
0005008555
0007807465
0003643465
0007406575
0007498640
0004828395
0007629424
0009487375
0010818296
0006917794
0009462589
0007686455
0007763173
0009671147
0006714046
0008844227
0006821100
0008244702
0007343629
0008550463
0007130380
0009736777
0007941033
0006659022
0006675309
0008065485
0003948851
0007874381
0006611671
0006732691
0006903409
0006385844
0006769332
0006387678
0007076898
0006673239
0008243634
0008784140
0008473837
0008272390
0004846704
0007179450
0006408194
0008806056
0006672972
0007180787
0006894786
0007952530
0010121638
0010801159
0009287591
0007000594
0001148333
0009444861
0009310107
0006594027
0007511288
0008781206
0006923870
0007338825
0005524647
0009028957
0008560667
0007619796
0008160324
0008542629
0009996231
0003840954
0004687205
0000964998
0009505039
0008290187
0003974607
0007915690
0008001884
0007986063
0008465686
0007848526
0002761691
0001959085
0007206184
0002189390
0009215195
0006687971
0004460154
0010829652
0008831819
0010279050
0003280222
0008372031
0009228208
0008570311
0009186069
0007425171
0007559944
0007188632
0007105280
0007480380
0007453240
0007209120
0007252629
0007362642
0007370941
0003618289
0009667006
0007502596
0003944253
0007548533
0003222953
0007637309
0007779619
0007746452
0007733602
0007697020
0006719937
0007679234
0007674758
0007661045
0007652679
0007647854
0007647176
0002010323
0007626888
0007612310
0007900279
0007904100
0005977627
0005800873
0002428984
0006408523
0006362547
0006336046
0008248437
0008247548
0008220655
0008172337
0008160348
0008147799
0008118610
0008096984
0004271895
0008048767
0007996671
0007981843
0007974813
0007696670
0007542641
0009167307
0005046261
0008707183
0008647392
0000000695
0007035981
0007988075
0006839788
0006815930
0007998142
0008135224
0008137847
0006723747
0007664389
0007493404
0007462403
0007215095
0000035912
0007537202
0006181648
0008543183
0008486015
0008379551
0001686584
0008334233
0008308753
0006487958
0006232864
0006269491
0009162084
0006512026
0010758676
0006497212
0010782360
0005765968
0006462562
0006444633
0010662791
0006438199
0009138494
0007098464
0006435422
0006416193
0006637185
0009258755
0009268796
0011605241
0006637878
0006515669
0006637023
0002981405
0006599724
0010569386
0006398955
0005683559
0010047363
0006395613
0010707197
0010857261
0005719506
0007341004
0006352191
0006049103
0007412667
0005266419
0000477240
0007480458
0008782156
0010455755
0008765709
0007458881
0005882462
0008601979
0006209258
0009503787
0010464217
0009288805
0009291801
0009127374
0001614189
0009322332
0009303642
0004841567
0006041146
0006228691
0009413179
0006242455
0009224838
0009324023
0005295500
0002657738
0007924694
0003858209
0006708519
0006545135
0003719160
0009463369
0009510853
0007730920
0001139456
0005395613
0008842513
0002411987
0005391788
0008025812
0009504773
0008006128
0009688858
0008998995
0008695714
0006622328
0003995211
0010217311
0005205159
0008466738
0005816588
0007118440
0007331266
0007507377
0005078388
0010641375
0004970926
0007557365
0007043071
0003610681
0006826311
0009452470
0007723843
0005110556
0006258011
0000186501
0009433219
0009387826
0009031683
0004688222
0003745144
0008187821
0003931376
0009682577
0007390751
0007963761
0002139521
0007630141
0008682137
0005950367
0009381690
0004608096
0005013639
0009587538
0003498206
0009744766
0007494261
0009102000
0005547170
0002327027
0000826440
0005810039
0006971585
0008799632
0006910865
0007211102
0007459040
0003546340
0009754782
0007593504
0008256072
0008627407
0005382310
0008171832
0007793108
0004040068
0005443002
0009494201
0001782369
0005615246
0005202936
0008335071
0007553627
0002850316
0008664140
0009446728
0009458300
0007503774
0008477557
0003056391
0006641250
0000586228
0001841097
0008365627
0008190430
0009263963
0007219830
0005364586
0010555686
0007543353
0008026710
0006947967
0004963108
0010160667
0004219660
0009333149
0010318783
0007152022
0007487124
0009754812
0006420640
0010636888
0009485545
0010268808
0004707721
0009677910
0007552145
0006794935
0003986944
0003777512
0003394798
0010215587
0009558534
0007751222
0005202790
0008668831
0007498924
0009415725
0006041987
0008958761
0009120956
0008311372
0007271694
0010324077
0004681398
0008736173
0007476825
0004677776
0004874257
0009846031
0002486030
0002241111
0002726731
0008164948
0000753315
0009777363
0008805578
0009831619
0009849046
0009787101
0010528286
0009531561
0008677266
0010230299
0007061609
0009357392
0010446864
0002937141
0007452691
0007616614
0009164301
0005024705
0004639658
0009826421
0005778009
0007220936
0008274704
0004582887
0006933959
0005054513
0006536357
1795280
0007013567
0003091695
0009463806
0007088159
1726779
0003518615
0007320039
0003490427
0005270783
0008413743
0005203337
0004467074
0009569608
0010632957
0006305157
0003100569
0001658783
0005174462
0010620480
0008782352
0004758899
0010102116
0004871050
0009244311
0010550331
0008697639
0009378378
0008398752
0002637762
0010607178
0006038044
0008473480
0007997255
0008068718
0003268994
0009842485
0010211851
0009702543
0008085791
0008701321
0001311337
0006616900
0002226318
0008180276
0008473831
0009655495
0002121829
0004809267
0002848558
0008786333
0009104503
0009761569
0004262077
0007234779
0009462308
0008590783
0010619366
0009445876
0008108773
0009527946
0009321313
0001466997
0009224206
0009590484
0005575440
0008367738
0007530505
0010231917
0004853225
0010271172
0008481316
0009221762
0008085273
0003346326
0009945447
0004779012
0005026507
0007731832
0005164192
0009484090
0002035104
0010354198
0008480799
0010539791
0010202734
0007557366
0008086252
0009483569
0003879536
0002000458
0009873028
0010033305
0008649107
0007541289
0005123791
0003794128
0005642582
0007610987
0004021760
0010141755
0008615986
0008879574
0008258130
0000158837
0006826833
0010418310
0010532591
0007507187
0005590858
0007669857
0002292099
0010199149
0010638715
0001790793
0001874331
0003805159
0005005175
0001593537
0010375503
0007070239
0004127608
0005175848
0005192304
0007695585
0010189741
0008781291
0008428152
0004863877
0008940059
0001234163
0009728129
0008795201
0002014008
0010568375
0009320831
0009554609
0006572374
0009487671
0004491146
0001032343
0010790358
0009740143
0010379878
0010054043
0010792941
0005587293
0007588375
0000217521
0003850375
0010228698
0008768169
0008471106
0003966285
0003379233
0005185738
0008326576
0008149307
0009826756
0005481894
0009863756
0008051852
0005755505
0010212299
0010202119
0006258928
0008284737
0003436696
0006524206
0005753263
0003079116
0003775084
0008126991
0009730513
0001913349
0006363029
0009384607
0009368990
0004821425
0010445997
0007605077
0009095170
0007736020
0004679350
0009813211
0008129961
0009408830
0007701915
0005340397
0010590662
0009828669
0006519942
0003310896
0001603671
0010177261
0006941008
0001885940
0009415176
0008782041
0009365845
0006489668
0010388930
0010050739
0008804062
0010217670
0009906162
0010423032
0008189881
0008545575
0002778495
0009490205
0006494640
0007754057
0009638525
0007916968
0005491821
0010381868
0005455570
0010705830
0010051091
0004468284
0008160879
0007412941
0005239383
0004329895
0008839037
0004052870
0009490731
0007382424
0009796463
0007354204
0008868018
0001300215
0005116789
0008051624
0007748843
0009485978
0008556918
0003222057
0004533942
0008469161
0005138992
0008788530
0009480965
0010644276
0009475155
0005075950
0010651139
0010079205
0008934735
0008128607
0005715167
0008945498
0004191886
0007491681
0008010673
0003322890
0010084502
0009370864
0010491148
0007810652
0010179509
0008174054
0009611115
0006272448
0005876710
0007316356
0007863692
0009096309
0005538919
0008585527
0010168907
0008671994
0006995629
0000084326
0003056335
0010062115
0010634467
0009253155
0010204260
0002889592
0007612885
0008115018
0009367660
0007825953
0005110019
0009216772
0009706814
0004751692
0010590452
0010285077
0008788140
0009262779
0004170561
0002133039
0010559899
0009677314
0008760689
0004871861
0002525912
0009642588
0008871849
0010035508
0006591103
0007745062
0009904167
0010735441
0003603750
0010119477
0004056567
0003666521
0008780574
0007790716
0010313376
0003953690
0008841796
0010256984
0010245979
0010347155
0008867027
0005280666
0010788349
0009349453
0004058442
0002204791
0010735622
0007774280
0004261990
0010710945
0006845264
0010192602
0010106638
0002254097
0004042932
0009370367
0009161223
0009583690
0002265209
0010344912
0009178245
0009797685
0010419042
0010444451
0010308359
0009543365
0009113797
0010156163
0010588827
0007468449
0010421439
0010268464
0007745289
0004372599
0006040495
0008607472
0007595676
0009266656
0003112414
0010625965
0005198758
0010216816
0003271024
0008279698
0006534245
0006825895
0007034097
0010680960
0005727519
0007796853
0008954771
0001952588
0007247397
0007148936
0009603228
0010399978
0000587312
0007487284
0009612612
0007838666
0007692659
0008712192
0001433005
0009892472
0010724244
0005097822
0008736927
0008606394
0007829559
0007427315
0007825039
0007490473
0005148899
0009960107
0010024860
0010636028
0006600871
0009598353
0009595590
0008946867
0005195670
0007701626
0009727639
0007226608
0009152801
0005378425
0007135467
0008955871
0004209607
0009338276
0001898845
0005177818
0009190378
0009814461
0004342866
0001816681
0006682113
0009887775
0006977326
0008479717
0007144192
0009623600
0007018254
0010733048
0008395830
0008782232
0008573612
0004861930
0004824228
0009361293
0010298604
0007248406
0001591075
0010125911
0006811542
0008655972
0008071783
0008764553
0004791907
0007541344
0007263274
0008195093
0005031360
0009485626
0003624540
0005014293
0009934788
0007970781
0002172555
0007468530
0001480397
0010678813
E1616892
0009844404
0007373814
0007420197
0010086715
0008235513
0009801152
0008531310
0010323289
0003357742
0009471500
0010215987
0003862031
0004567675
0010852148
0006652083
0007135517
0009064085
0008990234
0009860806
0006944955
0001940373
0009151072
0001282971
0006468605
0010814115
0010443213
0009911586
0010390647
0005124424
0010314295
0010522530
0005579173
0007456629
0004005891
0006861712
0006927043
0004857724
0004190347
0006817641
0008685417
0006757420
0009618122
0009421551
0004443261
0008940182
0002358827
0001950097
0010432229
0006669010
0004174892
0005649951
0000004868
0008121159
0008780547
0010097707
0010191645
0008341831
0003288473
0006989492
0009463416
0007573998
0009452654
0010631694
0010093314
0010604765
0004719051
0000484282
0009803083
0010369827
0003856789
0010303077
0010728098
0007511212
0010414075
0009839899
0006961641
0007654126
0009881501
0002374173
0003980652
0003572500
0008555854
0006823109
0010494741
0010150093
0003357067
0007554709
0003335283
0007317054
0009716040
0009002157
0009420553
0009468214
0007604250
0003100548
0004559710
0009464754
0006919291
0006982575
0009940189
0001527979
0007376138
0008857732
0004541744
0010003525
0002652982
0010665267
0009424156
0010673130
0003715596
0009681197
0008121306
0010716741
0007741813
0002592928
0009500514
0006844966
0004399170
0010077383
0010133046
0008399787
0004551957
0001891586
0009765418
0010546489
0004985908
0009887204
0008943967
0010594694
0010463506
0006689948
0001367042
0010652970
0008800430
0006679258
0008994329
0010712556
0009177441
0010467265
0009069332
0009974510
0010666714
0009982846
0008568199
0008948127
0009447848
0009822097
0010263120
0010596309
0007316518
0004834026
0004754747
0010647650
0009606954
0007714904
0004928843
0004037380
0009761495
0008807418
0007802823
0006547536
0007667710
0004932059
0008757092
0004171414
0000592514
0004524811
0005127525
0010479043
0009171596
0003677128
0010536203
0009553737
0003944360
0007915765
0003771865
0009591092
0010180418
0004420490
0008939994
0006089360
0009628021
0008656966
0003563217
0010213150
0007757646
0009650880
0004750213
0008913846
0008108470
0010151670
0008815972
0007811144
0007863162
E1747801
0006751635
0009980420
0001919179
0010017188
0006801928
0006961708
0009881290
0002620018
0006877460
0008950080
0009906143
0006935900
0010441735
0002684481
0008030207
0010471642
0006919922
0009728700
0008385124
0009056367
0003467637
0009928738
0010571210
0006884467
0010673259
0001275070
0008884257
0007733238
0009802709
0010542336
0009949675
0008781458
0010644616
0009379904
0002447594
0003583656
0007607298
0010370309
0010282140
0007708751
0001601401
0007186097
0007934182
0009980742
0007201000
0007995157
0010334363
0008339419
0003940757
0010501974
0010264506
0007154972
0010621997
0009035000
0007399494
0009800181
0008518134
0005403263
0010520075
0008672851
0005522195
0010301589
0003197242
0009156279
0003169209
0004285859
0010403262
1722603
0004828253
0009103285
0008686363
0009634845
0005049016
0003015070
0008339432
0008776445
0010206993
0009040844
0010792696
0007766757
0009371229
0009795098
0010208276
0009795312
0010715426
0010025545
0005593663
0010380330
0003762608
0010168676
0009921755
0010178580
0009854526
0006088958
0010205809
0009577327
0005973948
0004599036
0010141594
0009817760
0007972238
0010097637
0008860785
0004816659
0008781639
0004526513
0010069818
0009524978
0007498639
0010673448
0009231783
0010152511
0009808095
0008488105
0007810553
0007800345
0008892435
0009626119
0009340159
0003591293
0007812108
0010248864
0006540557
0010362735
0008019629
0004769293
0008915087
0007546960
0007997866
0010677730
0005083152
0009480814
0008980699
0002173650
0008919924
0004549224
0002841341
0006089978
0006925335
0008082289
0004645137
0010089772
0009546278
0009667616
0010715601
0008733616
0010090341
0009598342
0008577195
0010021974
0009863765
0010685406
0002834640
0008695762
0008485518
0003768644
0008810751
0010627929
0004778042
0010397034
0010185910
0008626602
0006547440
0005701580
0004358315
0003784650
0004624536
0009508540
0004848702
0010026329
0005987019
0010069819
0008654155
0006688392
0010708629
0009400002
0010531437
0009261259
0003464478
1799880
0010861693
0006394100
0003533356
0009481544
0009555395
0003274355
0010438645
0008795274
0010403135
0010447136
0008600257
0007735600
0010132190
0009392402
0010627989
0010615983
0002057027
0010548700
0006624663
0007687292
0006462236
0005764384
0010490447
0007628889
0010228639
0008321139
0002125073
0002438640
0007144272
0007925208
0003651268
0006217976
0002648210
0010102931
0008339011
0002883204
0008273427
0009941814
0008906129
0010086086
0008859617
0010099480
0001311983
0009994503
0008014302
0009528086
0002215542
0008128293
0009066776
0009397258
0010831731
0004474910
0001696198
0009554326
0004365992
0009622425
0005258342
0007745181
0010295309
0009951050
0008704546
0010263447
0005061851
0002940156
0006689528
0009003228
0010583752
0007370922
0008822784
0008943269
0004354091
0010766433
0008360475
0006161632
0010634555
0007185287
0005737718
0008318120
0008191073
0006812187
0010383395
0010586638
0007210269
0007404361
0009490779
0005418310
0007614353
0010156938
0007989691
0005332443
0006585267
0009770645
0005584551
0008347038
0010327516
0004106588
0009664626
0006687291
0008803451
0010158063
0003032076
0010626542
0006665774
0009781558
0009225928
0002555310
0009947383
0009860757
0005986721
0009300821
0005014616
0007539805
0008765992
0007053902
0010431476
0009261856
0009268102
0007296448
0010168982
0009023966
0010782379
0006017589
0003737773
0008789485
0009404273
0009831040
0008361716
0004341566
0008806055
0008395018
0009061667
0004286114
0009934982
0010532860
0009668827
0006941116
0009104691
0010526797
0010612297
0008954194
0010807410
0006951404
0010522329
0000550999
0005094298
0006910484
0007953502
0007186552
0009301268
0010784183
0008929308
0009938954
0003310709
0008287996
0009995706
0003270360
0009246574
0004526413
0005695070
0010255040
0010576281
0007735302
0009894684
0009121001
0010783981
0002134933
0009029351
0009242078
0010809618
0007030170
0010240218
0006819274
0010764635
0007239072
0004862799
0001344292
0007756079
0010765369
0009646275
0006983650
0010166300
0003365655
0009551168
0007926697
0009565298
0003056049
0009306586
0005062568
0008293838
0007090059
0009264739
0008990423
0010526370
0006757916
0009546337
0009501485
0006373112
0009835427
0009443041
0003528425
0009620198
0008793100
0007760570
0008588218
0004145303
0004837824
0008241396
0009128527
0008421870
0008745875
0003469704
0009549124
0008030209
0006830173
0008997666
0009158026
0003795347
0004957342
0008201810
0010294527
0003798210
0007297405
0007238200
0007548846
0008125715
0005235288
0003352620
0007417933
0002284335
0008854001
0006042507
0009983724
0005763989
0006936643
0000082367
0005515278
0003440214
0008700212
0009432249
0002116151
0009312754
0008776182
0007900913
0003335022
0008595352
0009806548
0007910048
0004804274
0007361575
0006808499
0010796227
0009420739
0006799778
0006793057
0008645002
0010479485
0009431055
0007819909
0008469006
0010155876
0009686491
0005868920
0006253902
0003406821
0006332213
0004442845
0004524728
0010667641
0008363279
0003363254
0007769415
0009807219
0010588078
0010406806
0008482116
0007648140
0006681623
0010629554
0010852247
0008878876
0007462598
0010855881
0007433456
0007606963
0010816187
0010311258
0004559597
0010414418
0010813055
0010824619
0010886808
0010865591
0010040968
0010507755
0010488250
0010892455
0000012036
0007817708
0010444782
0007139643
0003255161
0009835183
0010765203
0010232887
0005650193
0010783572
0001433902
0010609125
0009741629
0009290211
0004513932
0008298534
0001112151
0009478725
0009883655
0010791363
0010193660
0007632155
0008640260
0006961685
0006682611
0010801930
0004894308
0006349055
0010850410
0000661388
0004494531
0010876891
0010577291
0007835696
0009487679
0008615740
0009732737
0006369918
0009533502
0004482366
0005321535
0008655263
0010483152
0007655328
0002507849
0010231958
0008780770
0004908116
0003892754
0008260516
0004944045
0010717138
0010111709
0009291677
0008819087
0007684461
0010009029
0004580158
0006578836
0010828893
0010788345
0006579729
0009255027
0007416519
0004466772
0003053310
0006872255
0006144547
0003594498
0009814213
0008438464
0010538351
0005489071
0010083336
0009844770
0008412964
0009634006
0009467937
0005118586
0007576611
0009121443
0007934001
0005521145
0010630044
0010405484
0010121601
0010138299
0003900127
0008792165
0009402261
0006290163
0008043227
0004346664
0004619050
0010292293
0006970669
0005033045
0008697817
0010297279
0010494313
0009024292
0005907788
0008956965
0010913134
0008016667
0003636506
0006179501
0008161539
0008691828
0006835366
0008794110
0010527152
0010280816
0006768484
0004835318
0010180129
0002075202
0007104860
0007348755
0007445603
0010821694
0008052569
0007437952
0006604699
0008117780
0005615526
0004804676
0004750105
0008872128
0008235248
0009227149
0006909664
0010794195
0008389694
0010381598
0005705525
0006841980
0009240499
0003768718
0010011927
0005717099
0007516801
0007391564
0009563646
0005394053
0007869908
0007505408
0009914961
0008787044
0008612162
0008672812
0005834383
0006025614
0005307063
0010679643
0000570917
0009477608
0008519951
0010656963
0009459351
0009433613
0006942188
0004784534
0010071398
0007990038
0004714848
0008044715
0006789813
0005899460
0009183871
0009138882
0008881534
0009737589
0007452432
0010220345
0010492632
0005742681
0006327817
0006255514
0008395664
0004433275
0004364768
0001518037
0005266987
0008924813
0008921390
0010266180
0003697520
0009870225
0009344548
0007006939
0009663805
0003855551
0008969638
0008662947
0005429674
0006515678
0007011210
0006485424
0001693758
0007303892
0010479385
0010776156
0010535319
0009260957
0008745146
0010487015
0009083002
0010561570
0010445465
0010544767
0010856424
0002962623
0004027372
0008612282
0008825246
0009872925
0010690394
0009553787
0008493996
0010914541
0008143812
0008569214
0004171622
0004842999
0003910044
0003470158
0004794983
0005070606
0008776804
0010388485
0004243974
0004378821
0007292894
0010802548
0009378870
0005509672
0008457337
0010562183
0007026131
0006508720
0010089024
0007610083
0007109474
0003444953
0005516297
0007538544
0008886728
0010363975
0009647462
0006467409
0007411484
0004859704
0008356814
0009847576
0007591882
0005359983
0006825298
0010890026
0008215182
0010865824
0010873929
0005445320
0010899715
0007112832
0008892787
0008087452
0008596566
0003910668
0010130912
0005082816
0010832971
0010482860
0010837112
0008865467
0003737716
0005504394
0007384168
0009920434
0009388791
0006792690
0006964830
0006519879
0009409629
0006254751
0006530335
0009013616
0005107077
0010483850
0006731281
0007556592
0007449250
0005946616
0006425464
0009926846
0007411476
0006549036
0006988842
0005094928
0009881664
0010114014
0007721637
0010756139
0008792965
0007472089
0010793757
0005555685
0008867622
E1659391
0006327034
0005907295
0007561154
0010799163
0010779650
0006503242
0002370787
0005706324
0004981410
0010719075
0010149874
0010722767
0010777722
0004512767
0010427329
0010609157
0010717517
0000843975
0010869499
0010873468
0010887193
0008783219
0001873437
0009532447
0007382077
0008715367
0004545789
0010237216
0010577992
0008527646
0008783728
0007749484
0007736926
0007701214
0007695045
0009518980
0007970025
0008071983
0008291471
0005880207
0008328755
0008324567
0010466426
0009549437
0008355853
0007783733
0003003068
0007107013
0004514446
0007926574
0004003937
0009384884
0010594419
0006637045
0004641791
0004643083
0004717368
0005982741
0008854026
0000548291
0002243377
0005340391
0010072267
0007973925
0005896643
0006529124
0009020218
0009722692
0007044795
0007716404
0009138907
0007244985
0007234554
0006796802
0009706318
0000195843
0010084400
0010248699
0007795745
0005982456
0007766270
0007795297
0007454579
0007512483
0004176429
0009099102
0006423011
0008317292
0010184918
0010786315
0005803197
0010920285
0001807907
0004654768
0004674639
0006148303
0009033224
0008782216
0007878878
0007968373
0008244602
0008259053
0009081893
0008317424
0010196967
0010193285
0007417426
0007753905
0008759151
0006163180
0009271049
0005216612
0005283539
0005337852
0005422150
0009816197
0005632786
0008670670
0008600176
0009171070
0006437917
0006239750
0005478297
0010704283
0010604294
0009353179
0006512265
0010556455
0010534136
0010478936
0006595659
0010450717
0009871054
0009845876
0007623133
0006669082
0009924857
0001716493
0009904904
0005340168
0008612694
0006260370
0005566195
0005736620
0006578253
0010445165
0006396104
0006420109
0010674035
0010804639
0010310589
0009124769
0010769165
0000798625
0008285865
0006019289
0006126467
0010807945
0003890139
0000781691
0010052580
0006270828
0007382681
0008093350
0010585482
0010578931
0006776742
0002262792
0005311742
0003505976
0004165589
0002760198
0010551575
0004195504
0010819915
0010905284
0010896511
0010896267
0007903800
0010886176
0010487131
0004542647
0003912191
0004457219
0010847261
0010821633
0008784075
0005087529
0009950367
0010489280
0010456141
0010634556
0010704193
E1722542
0010297070
0010439549
0010614731
0010712677
0010877181
0010492570
0007719335
0007467972
0010772164
0009281641
0006855753
0007050849
0006489743
0003892355
0006798365
0004770649
0004712976
0006486997
0009381270
0007978563
0008642211
0007560513
0006798942
0009660799
0004212622
0006227912
0005008555
0007807465
0003643465
0007406575
0007498640
0004828395
0007629424
0009487375
0010818296
0006917794
0009462589
0007686455
0007763173
0009671147
0006714046
0008844227
0006821100
0008244702
0007343629
0008550463
0007130380
0009736777
0007941033
0006659022
0006675309
0008065485
0003948851
0007874381
0006611671
0006732691
0006903409
0006385844
0006769332
0006387678
0007076898
0006673239
0008243634
0008784140
0008473837
0008272390
0004846704
0007179450
0006408194
0008806056
0006672972
0007180787
0006894786
0007952530
0010121638
0010801159
0009287591
0007000594
0001148333
0009444861
0009310107
0006594027
0007511288
0008781206
0006923870
0007338825
0005524647
0009028957
0008560667
0007619796
0008160324
0008542629
0009996231
0003840954
0004687205
0000964998
0009505039
0008290187
0003974607
0007915690
0008001884
0007986063
0008465686
0007848526
0002761691
0001959085
0007206184
0002189390
0009215195
0006687971
0004460154
0010829652
0008831819
0010279050
0003280222
0008372031
0009228208
0008570311
0009186069
0007425171
0007559944
0007188632
0007105280
0007480380
0007453240
0007209120
0007252629
0007362642
0007370941
0003618289
0009667006
0007502596
0003944253
0007548533
0003222953
0007637309
0007779619
0007746452
0007733602
0007697020
0006719937
0007679234
0007674758
0007661045
0007652679
0007647854
0007647176
0002010323
0007626888
0007612310
0007900279
0007904100
0005977627
0005800873
0002428984
0006408523
0006362547
0006336046
0008248437
0008247548
0008220655
0008172337
0008160348
0008147799
0008118610
0008096984
0004271895
0008048767
0007996671
0007981843
0007974813
0007696670
0007542641
0009167307
0005046261
0008707183
0008647392
0000000695
0007035981
0007988075
0006839788
0006815930
0007998142
0008135224
0008137847
0006723747
0007664389
0007493404
0007462403
0007215095
0000035912
0007537202
0006181648
0008543183
0008486015
0008379551
0001686584
0008334233
0008308753
0006487958
0006232864
0006269491
0009162084
0006512026
0010758676
0006497212
0010782360
0005765968
0006462562
0006444633
0010662791
0006438199
0009138494
0007098464
0006435422
0006416193
0006637185
0009258755
0009268796
0011605241
0006637878
0006515669
0006637023
0002981405
0006599724
0010569386
0006398955
0005683559
0010047363
0006395613
0010707197
0010857261
0005719506
0007341004
0006352191
0006049103
0007412667
0005266419
0000477240
0007480458
0008782156
0010455755
0008765709
0007458881
0005882462
0008601979
0006209258
0009503787
0010464217
0009288805
0009291801
0009127374
0001614189
0009322332
0009303642
0004841567
0006041146
0006228691
0009413179
0006242455
0009224838
0009324023
