0009945447
0010585482
0009183871
0008189881
0008279698
0009228208
0000477240
0009553737
0009531561
0007303892
0005755505
0010631694
0008339011
0007507187
0002962623
0007343629
0000587312
0009826421
0009463369
0005816588
0009494201
0007238200
0005118586
0004399170
0007384168
0009464754
0009156279
E1722542
0004863877
0000586228
0006408523
0010266180
0006038044
0003436696
0004474910
0007034097
0009702543
0010308359
0002760198
0005174462
0004466772
0008006128
0004981410
0007756079
0007061609
0010716741
0010847261
0008600257
0000843975
0009741629
0010362735
0010492570
0006961685
0003856789
0008585527
0007006939
0004712976
0004191886
0005632786
0010232887
0008473831
0007416519
0007811144
0009849046
0009096309
0006181648
0007317054
0009432249
0008311372
0009415725
0010438645
0009357392
0002525912
0004862799
0010719075
0008287996
0009378870
0008108470
0007297405
0008128293
0000084326
0010202119
0005378425
0006687291
0009634006
0007723843
0010576281
0010381598
0011605241
0010821633
0004467074
0009765418
0010783572
0008555854
0008800430
0010178580
0003618289
0003666521
0003912191
0004482366
0008568199
0006349055
0009433613
0006768484
0007754057
0009387826
0008085273
0009620198
0008806055
0010594694
0007968373
0007612310
0004779012
0009281641
0004957342
0008733616
0010086086
0008776182
0010790358
0001344292
0008518134
0008147799
0004358315
0008086252
0007472089
0007573998
0007769415
0007667710
0007480380
0002139521
0006485424
0006254751
0006547536
0007053902
0004816659
0003346326
0010555686
0009846031
0008318120
0003953690
0008600176
0008948127
0006373112
0010777722
0007507377
0008260516
0010887193
0000826440
0009598342
0008787044
0006641250
0000484282
0006792690
0009543365
0009253155
0007490473
0007154972
0006126467
0008601979
0009291677
0006910865
0009171596
0008865467
0008317424
0007986063
0008187821
0006524206
0003255161
0000661388
0008347038
0008998995
0010809618
0004719051
0008473480
0006352191
0006919291
0008780770
0006435422
0010526797
0008781206
0007610083
0006825298
0008428152
0007561154
0007412941
0006732691
0010090341
0008872128
0010263447
0007741813
0004828395
0005706324
0002172555
0007370941
0009268796
0004841567
0008341831
0009803083
0004106588
0002620018
0010301589
0009591092
0009938954
0008842513
0009224206
0009801152
0009904167
0007476825
0008841796
0010033305
0008980699
0009481544
0008642211
0009178245
0010577291
0010769165
0006961708
0009638525
0010528286
0008087452
0009671147
0003643465
0007548533
0010185910
0009503787
0008385124
0008670670
0002648210
0007139643
0008685417
0007736020
0005509672
0002889592
0006714046
0003197242
0006941116
0003271024
0009980420
0005876710
0006161632
0010855881
0005538919
0010208276
0008395018
0008121159
0001466997
0010323289
0007511288
0009258755
0009549437
0007800345
0008892787
0008806056
0006731281
0006227912
0010155876
0005014616
0004871050
0010667641
0004750213
0006776742
0010271172
0007701915
0006088958
0010656963
0010779650
0007807465
0001480397
0008662947
0006622328
0008954194
0007736926
0003974607
0005078388
0008577195
0010717138
0000964998
0008161539
0009510853
0003363254
0009860806
0010228639
0003798210
0005579173
0007186097
0010455755
0010662791
0009081893
0006719937
0009485545
0010298604
0007209120
0003697520
0010311258
0005283539
0008030209
0002125073
0009033224
0009151072
0008958761
0010490447
0010636888
0010786315
0008160348
0000000695
0008782041
0010491148
0005418310
0010467265
0004491146
0007779619
0006591103
0010630044
0008715367
0010215587
0010327516
0001913349
0008940182
0005650193
0007433456
0005715167
0009546278
0009020218
0010079205
0009487375
0006970669
0008361716
0003944360
0007915765
0008768169
0004804274
0002189390
0007687292
0010644616
0010765203
0006416193
0009949675
0009379904
0009528086
0006462562
0008781458
0010728098
0010450717
0007934182
0010892455
0009487671
0003015070
0010047363
0009124769
0010213150
0004758899
0006819274
0002010323
0009388791
0005516297
0003003068
0007135517
0003444953
0004195504
0010890026
0001898845
0006669010
0007591882
0005982456
0004679350
0004468284
0010609157
0010489280
0010527152
0003771865
0006530335
0007973925
0009271049
0003091695
0004853225
0008367738
0008093350
0000592514
0010793757
0008248437
0010256984
0008871849
0010432229
0006821100
0002726731
0009066776
0010609125
0007362642
0003986944
0006988842
0009816197
0006933959
0005615526
0010814115
0004460154
0007018254
0007316356
0010406806
0010869499
0002761691
0010627989
0010765369
0005202790
0009224838
0009103285
0009104503
0010539791
0010279050
0001816681
0009854526
0009870225
0001433902
0009996231
0008438464
0009400002
0006529124
0009904904
0003931376
0007763173
0010852148
0009002157
0005205159
0009420739
0006861712
0004857724
0006796802
0009095170
0008259053
0007721637
0006894786
0006242455
0009795312
0007462598
0009504773
0006927043
0010141594
0009928738
0007997255
0009371229
0008481316
0005737718
0009590484
0009500514
0010522329
0001593537
0003357742
0010050739
0004040068
0007863162
0007234779
0010636028
0010156163
0006369918
0009681197
0010792696
0010051091
0006799778
0010801930
0009268102
0005429674
0008201810
0010294527
0008707183
0006508720
0009983724
0006789813
0009863756
0010556455
0003322890
0003100569
0006148303
0010199149
0010344912
0010625965
0009603228
0007292894
0009595590
0008143812
0004944045
0008781291
0008924813
0004770649
0007206184
0009887775
0004526513
0003222057
0008950080
0005321535
0008940059
0008765992
0008759151
0010590452
0009415176
0006982575
0010130912
0010604765
0010399978
0008990234
0010418310
0006497212
0010708629
0010651139
0010102116
0006600871
0007185287
0006396104
0007538544
0007210269
0010788345
0007459040
0004190347
0009216772
0009941814
0007382681
0010733048
0010220345
0008360475
0010168907
0010268808
0005280666
0004378821
0008125715
0007612885
0009392402
0003715596
0009835183
0010596309
0007390751
0008180276
0003490427
0002075202
0007605077
0009926846
0008135224
0009452654
0010824619
0007013567
0010634555
0009463416
0010354198
0004127608
0007796853
0002841341
0008356814
0009288805
0008612694
0005765968
0008117780
0009263963
1799880
0009361293
0009069332
0010086715
0010040968
0008363279
0009558534
0005590858
0004619050
0003805159
0010619366
0006611671
0007595676
0008339419
0006616900
0009227149
0006540557
0010796227
0003528425
0010077383
0006844966
0007239072
0008298534
0005727519
0003056335
0000004868
0008334233
0009501485
0001686584
0009443041
0006599724
0010427329
0009378378
0009781558
0002486030
0008929308
0010550331
0010106638
0010673448
0008782156
0005491821
0008677266
0010011927
0010206993
0008519951
0001601401
0006595659
0005033045
0007026131
0007502596
0008647392
0007338825
0002370787
0008065485
0009921755
0008799632
0006951404
0009445876
0010166300
0010877181
0001603671
0001518037
0001591075
0008355853
0007541344
0008126991
0009688858
0006923870
0003762608
0008943967
0003056049
0005391788
0004821425
0006395613
0006089978
0008171832
0006042507
0008595352
0010588827
0008745875
0007974813
0009301268
0005701580
0005555685
0010097637
0005340168
0010483152
0005097822
0009215195
0006534245
0008701321
0007539805
0008389694
0008473837
0000548291
0009920434
0008867027
0006258011
0010705830
0009413179
0005295500
0010487131
0010638715
0010607178
0010119477
0004848702
0010561570
0006604699
0005593663
0007766757
0008764553
0005524647
0010690394
0007263274
0008068718
0009480965
0007996671
0009583690
0007588375
0007556592
0008466738
0008573612
0003995211
0006669082
0010831731
0009817760
0007733602
0010445997
0004580158
0001282971
0004932059
0009023966
0010217311
0004559597
0006830173
0010494313
0001693758
0002241111
0010535319
0009186069
0010245979
0007623133
0010634556
0006515678
0007503774
0003505976
0002834640
0007716404
0004842999
0005082816
0008160324
0005311742
0009744766
0002848558
0009421551
0010641375
0010735441
0010632957
0001148333
0008939994
0006919922
0009287591
0007745062
0000798625
0007655328
0008052569
0009365845
0010588078
0009444861
0008190430
0007731832
0010571210
0005987019
0010756139
0009736777
0007011210
0008655263
0010403262
0008590783
0006089360
0004171414
0008137847
0009064085
0010707197
0008191073
0005049016
0010913134
0003795347
0010141755
0009246574
0007458881
0009321313
0010886176
0002778495
0006971585
0004433275
0003280222
0008804062
0008945498
0009686491
0008913846
0010205809
0005266987
0007420197
0007915690
0002981405
0004549224
0010421439
0009370864
0009606954
0004778042
0008274704
0007810553
0006239750
0006019289
0007970025
0010724244
0009831619
0007376138
0003222953
0010722767
0007674758
0004262077
0006494640
0007696670
0009806548
0008085791
0006769332
0007988075
0004052870
0009368990
0006272448
0008607472
0008293838
0008745146
0009598353
0009587538
0008934735
0010627929
0003032076
0004551957
0007248406
0003079116
0003464478
0007557366
0008469161
0005014293
0010237216
0009934982
0004599036
0006624663
0004751692
0004329895
0003583656
0008172337
0009797685
0008290187
0008480799
0008482116
0010375503
0010621997
0001874331
0005443002
0008780574
0009914961
0004754747
0004513932
0004894308
0010089772
0010850410
0003879536
0010215987
0004688222
0007610987
0007487284
0001950097
0009138494
0001790793
0007995157
0008892435
0004524811
0007144272
0004494531
0001885940
0007541289
0004341566
0005803197
0010196967
0007554709
0008859617
0008243634
0002226318
0008712192
0009518980
0007411484
0000195843
0007512483
0010652970
0007616614
0010446864
0010334363
0007910048
0009485978
0009761569
0005138992
0010211851
0008906129
0001716493
0009828669
0010441735
0010444782
0007348755
0009164301
0003900127
0009754782
0005764384
0010546489
0004003937
0010168676
0007697020
0002507849
0003591293
0003944253
0008782232
0000217521
0007953502
0004145303
0007552145
0005110556
0002657738
0005107077
0008854026
0010715601
0008786333
0004524728
0005094928
0008879574
0007546960
0003056391
0009003228
0009367660
0010347155
0007035981
0010788349
0007252629
0010180418
0009924857
0009121001
0005800873
0009138882
0008612162
0010678813
0008051624
0006503242
0007234554
0008365627
0007467972
0009677910
0008672851
0008569214
0008640260
0006815930
0004342866
0008831819
0009906143
0009754812
0008108773
0007669857
0010873929
0010381868
0008471106
0006989492
0010715426
0009404273
0002265209
0008339432
0003394798
0009260957
0006835366
0007370922
0003498206
0003858209
0004809267
0006675309
0001919179
0006688392
0007557365
0010230299
0007686455
0007614353
0010647650
0008697639
0005124424
0010501974
0007629424
0007745289
0009808095
0005054513
0006258928
0010191645
0009565298
0007753905
0004908116
0006872255
0003840954
0003777512
0006757916
0009035000
0004837824
0005705525
0007978563
0010629554
0008656966
0008025812
0007790716
0010594419
0006040495
0006270828
0010177261
0009462589
0009980742
0007783733
0006944955
0003948851
0010772164
0007493404
0006637023
0010439549
0007135467
0004641791
0005123791
0010431476
0004512767
0007373814
0010614731
0007630141
0008691828
0004559710
0007468449
0010856424
0008615986
0010212299
0007926697
0010202734
0006486997
0009795098
0005907295
0008527646
0010488250
0006179501
0004354091
0009894684
0001873437
0007825953
0009490205
0007695585
0009083002
0005364586
0006665774
0004681398
0002133039
0008121306
0008795201
0004514446
0008654155
0009487679
0004165589
0010813055
0010758676
0006536357
0008655972
0010397034
0010532860
0004285859
0005094298
0010577992
0005834383
0009322332
0009244311
0004442845
0010818296
0008043227
0008596566
0010680960
0002173650
0006855753
0010673130
0005026507
0006255514
0010886808
0008878876
0003274355
0009177441
0009463806
0002000458
0007112832
0007619796
0010766433
0008884257
0006512026
0003892355
0001112151
0010160667
0007244985
0008789485
0010685406
0004042932
0009732737
0007652679
0009524978
0007795297
0010578931
0002447594
0009303642
0003610681
0004769293
0010114014
0006679258
0010228698
0007088159
0009551168
0010562183
0009505039
0005973948
0010099480
0006877460
0010240218
0008868018
0010634467
0010551575
0007825039
0010072267
0008854001
0008235248
0010857261
0002204791
0003310896
0007684461
0006467409
0006637878
0008990423
0010193660
0007445603
0010526370
0006823109
0004717368
0009225928
0005719506
0008793100
0008782216
0010804639
0009826756
0001032343
0003288473
0005340397
0006910484
0010568375
0010665267
0004443261
0009940189
0007810652
0005307063
0008115018
0010102931
0009873028
0001367042
0008807418
0007735302
0003768718
0008379551
0009306586
0010318783
0009409629
0007997866
0004714848
0003357067
0002116151
0007030170
0007399494
0009634845
0003775084
0009324023
0009508540
0005382310
0010776156
0006420109
0010896267
0006826833
0010865591
0010084400
0002940156
0007941033
0007647854
0006578836
0002374173
0007454579
0010379878
0007904100
0010231958
0005116789
0008943269
0010084502
0010673259
0010268464
0004219660
0006794935
0004056567
0010017188
0008860785
0004261990
0009911586
0007220936
0010538351
0001433005
0009728700
0010383395
0009290211
0007869908
0004174892
0007695045
0007354204
0010390647
0001959085
0010479485
0007070239
0004420490
0006579729
0004750105
0010548700
0010487015
0006437917
0007201000
0003892754
0009835427
0008700212
0006942188
0007000594
0009881290
0008399787
0006841980
0010370309
0010532591
0008645002
0006652083
0007406575
0003469704
0009664626
0002637762
0006825895
0010799163
0004372599
0008788530
0008001884
0000781691
0009221762
0007391564
0007076898
0007730920
0009646275
0009446728
0010026329
0010255040
0007817708
0006217976
0010852247
0000570917
0008672812
0004212622
0009647462
0008556918
0004209607
0010414075
0006144547
0009484090
0007530505
0009787101
0005031360
0004970926
0008867622
0008010673
0007990038
0009677314
0010876891
0006387678
0006935900
0008395830
0010248699
0006332213
0010522530
0009127374
0009231783
0010679643
0008783728
0004567675
0010626542
0005422150
0010310589
0007760570
0007701626
0009532447
0006826311
0008019629
0009370367
0009650880
0008782352
0009546337
0006903409
0008272390
0004021760
0001940373
0007606963
0005175848
0008258130
0007543353
0003470158
0008736173
0007916968
0008919924
0009485626
0004985908
0010443213
0010819915
0005075950
0007607298
0008792965
0006637045
0010712677
0007751222
0009397258
0007090059
0005880207
0008805578
0009261259
E1659391
0004963108
0010280816
0010180129
0010801159
0009612612
0010132190
0006811542
0006687971
0010712556
0009950367
0007746452
0010899715
0006041987
0007107013
0009668827
0010807410
0010133046
0010151670
0009626119
0003890139
0010003525
0000550999
0008780547
0010297279
0009554609
0007576611
0006017589
0008531310
0006673239
0004364768
0009242078
0009121443
0007553627
0004828253
0009333149
0008486015
0008776804
0010313376
0010192602
0006232864
0006547440
0010586638
0006983650
0005127525
0004526413
0007226608
0003270360
0007835696
0004645137
0008051852
0005478297
0010093314
0008810751
0010471642
0010231917
0008946867
0008784140
0007998142
0006362547
0010782379
0009839899
0000012036
0005203337
0008149307
0010821694
0010832971
0009447848
0009477608
0009660799
0005587293
0009623600
0009800181
0009982846
0009845876
0009028957
0009533502
0007925208
0010069819
0005515278
0010303077
0006462236
0007188632
0009872925
1722603
0005521145
0009737589
0010097707
0004859704
0007537202
0009056367
0007637309
0006578253
0008244702
0007812108
0008795274
0004639658
0008956965
0004542647
0006884467
0009892472
0007632155
0007109474
0009240499
0005615246
0008695762
0009822097
0008881534
0008704546
0010069818
0002327027
0010784183
0009381270
0007491681
0010463506
0007664389
0001527979
0006253902
0008686363
0009459351
0007593504
0007819909
0001311337
0002262792
0007900279
0007361575
0008543183
0008326576
0010479043
0008954771
0007179450
0003910044
0003467637
0010405484
0008994329
0008612282
0010403135
0009024292
0006995629
0001311983
0009642588
0004784534
0007628889
0007793108
0009887204
0007963761
0002937141
0005270783
0008412964
0008886728
0006909664
0008241396
0010764635
0010264506
0005046261
0007050849
0009906162
0006594027
0006260370
0008615740
0005337852
0009433219
0009031683
0009320831
0002850316
0010282140
0010297070
0003546340
0010423032
0007148936
0002411987
0010542336
0009807219
0006751635
0008118610
0010644276
0009844404
0001891586
0010583752
0003169209
0009490731
0008215182
0008542629
0010483850
0004457219
0006336046
0006808499
0004804676
0010456141
0007924694
0003100548
0010189741
0006425464
0010369827
0009974510
0005083152
0007417426
0004365992
0009353179
0010717517
0003379233
0004541744
0008082289
0005982741
0010083336
0005235288
0009663805
0006941008
0010447136
0008788140
0010494741
0010217670
0008664140
0008671994
0005177818
0009569608
0010620480
0007708751
0010025545
0008195093
0007701214
0000186501
0006468605
0007952530
0009266656
0010444451
0000158837
0007411476
0005977627
0009162084
0005198758
0006549036
0005907788
0005403263
0007648140
0002592928
0005239383
0006385844
0006420640
0001658783
0006682611
0010677730
0004005891
E1747801
0009814461
0007412667
0004027372
0010735622
0006689528
0007989691
0009424156
0008413743
0005202936
0005950367
0004674639
0008997666
0006489743
0004861930
0007144192
0009478725
0010062115
0009740143
0004643083
0007749484
0008485518
0007468530
0001139456
0006290163
0004037380
0008969638
0007452432
0002555310
0004170561
0003910668
0009171070
0007498924
0008014302
0007382077
0005164192
0008803451
0005087529
0010248864
0009113797
0007180787
0006936643
0008588218
0009102000
0004835318
0010704193
0010674035
0010544767
0008030207
0003533356
0010295309
0007044795
0005642582
0008256072
0010445165
0002358827
0007320039
0007456629
0009995706
0004794983
0008815972
0009628021
0010054043
0007719335
0009152801
0004533942
0009120956
0010896511
0009842485
0009420553
0001614189
0007104860
0009402261
0004874257
0010794195
0005778009
0005683559
0002428984
0007215095
0006845264
0004654768
0010802548
0003850375
0010612297
0009291801
0006757420
0009475155
0010179509
0004058442
0006398955
0003784650
0008626602
0009814213
0010816187
0003677128
0007560513
0009813211
0007934001
0008781639
0004243974
0007926574
0009618122
0010138299
0009161223
0002438640
0008765709
0008757092
0009611115
0008016667
0007654126
0009844770
0003737773
0010388485
0010865824
0007848526
0006444633
0009563646
0006327817
0009384607
0007425171
0005258342
0010807945
0005986721
0005445320
0006659022
0003794128
0007462403
0006637185
0010914541
0009796463
0005185738
0003651268
0001275070
0010292293
0003112414
0004677776
0009728129
0005394053
0005736620
0006977326
0010035508
0003053310
0007219830
0004286114
0009408830
0007647176
0002121829
0007548846
0009655495
0010150093
0009167307
0005359983
0009468214
0009549124
0006519879
0008695714
0006487958
0006163180
0009255027
0007498639
0000035912
0003572500
0010604294
0000082367
0006964830
0010905284
0006408194
0007774280
0005195670
0009622425
0004624536
0008291471
0007900913
0005266419
0009483569
0003335022
0008649107
0009847576
0009452470
0007271694
0008164948
0008129961
0010828893
0008273427
0010388930
0005882462
0010615983
0010492632
0007152022
0009667006
0003966285
0006423011
0009761495
0008560667
0008317292
0003768644
0002215542
0008308753
0008776445
0006793057
0007130380
0010158063
0009960107
0006672972
0008071983
0008321139
0006305157
0007449250
0009667616
1795280
0006585267
0007427315
0004545789
0009029351
0009706318
0010829652
0009577327
0005005175
0005810039
0007679234
0010121601
0008844227
0008682137
0007331266
0007972238
0010920285
0010464217
0006723747
0010324077
0007247397
0007542641
0003636506
0006438199
0009682577
0006689948
0008398752
0007559944
0007878878
0006801928
0005649951
0002292099
0005763989
0005946616
0008469006
0005332443
0007296448
0003862031
0010380330
0008915087
0005717099
0008783219
0007382424
0007437952
0007903800
0002652982
0008839037
0005024705
0008048767
0009730513
0003268994
0006798365
0007981843
E1616892
0008220655
0009553787
0006839788
0006049103
0010536203
0006708519
0005753263
0006228691
0010861693
0005070606
0010710945
0009860757
0004791907
0005008555
0003855551
0008395664
0005742681
0009555395
0000753315
0003980652
0009458300
0007802823
0008760689
0007186552
0008697817
0010419042
0010125911
0006545135
0009190378
0007661045
0009802709
0005455570
0006041146
0008668831
0009138907
0009349453
0009471500
0008244602
0004687205
0010837112
0007604250
0009881501
0007505408
0009340159
0006812187
0005566195
0002035104
0009261856
0003406821
0010783981
0008550463
0002134933
0003440214
0009344548
0007118440
0007516801
0010590662
0007404361
0007795745
0009158026
0010520075
0006327034
0006798942
0003563217
0010873468
0009716040
0008285865
0008247548
0009994503
0007735600
0004271895
0010507755
0004171622
0004871861
0008792165
0010021974
0010569386
0010791363
0009722692
0007829559
0005148899
0003940757
0005395613
0009480814
0007494261
0005061851
0008784075
0010152511
0009381690
0001300215
0008096984
0007316518
0007043071
0005013639
0008570311
0004834026
0010478936
0008488105
0008477557
0008457337
0005522195
0003745144
0008026710
0004346664
0010414418
0010193285
0003335283
0006917794
0001952588
0009934788
0009061667
0007105280
0010089024
0006512265
0002057027
0001782369
0008284737
0005489071
0004176429
0008921390
0009099102
0010531437
0006269491
0007480458
0009490779
0010285077
0009338276
0008736927
0009040844
0001841097
0010559899
0007511212
0005110019
0009310107
0006925335
0007341004
0003365655
0007211102
0005695070
0009527946
0010009029
0010071398
0008044715
0003352620
0008857732
0006489668
0006025614
0005504394
0007692659
0005899460
0009104691
0007757646
0002284335
0009013616
0008479717
0008493996
0010782360
0006519942
0010263120
0007970781
0010479385
0006572374
0007452691
0009128527
0008955871
0009951050
0006682113
0010024860
0006394100
0004824228
0010314295
1726779
0009881664
0007487124
0001807907
0010466426
0007714904
0005584551
0009947383
0008324567
0010121638
0009871054
0002883204
0008822784
0008128607
0010482860
0009431055
0008421870
0009300821
0009863765
0004707721
0007748843
0007733238
0003518615
0010204260
0010149874
0006363029
0009883655
0008372031
0008545575
0008335071
0010111709
0009831040
0010052580
0010666714
0008465686
0002684481
0005192304
0003603750
0006961641
0007838666
0010792941
0004582887
0009462308
0008819087
0004928843
0007098464
0008235513
0007766270
0009264739
0008328755
0009384884
0010534136
0007874381
0010156938
0005868920
0008627407
0008794110
0009312754
0010445465
0007626888
0005547170
0005062568
0009262779
0006947967
0009770645
0008174054
0005896643
0006515669
0007745181
0010168982
0009777363
0010184918
0006681623
0007453240
0004846704
0004608096
0001234163
0003737716
0002254097
0003594498
0008160879
0008606394
0008825246
0003310709
0005481894
0005340391
0005575440
0007863692
0002014008
0003624540
0010363975
0009554326
0007417933
0003719160
0007498640
0002243377
0008071783
0005216612
0001696198
0009706814
0006209258
0006817641
0009727639
0010216816
0010704283
0009467937
